Desc	Orthogroup	ChaenocephalusAceratus	ClupeaHarengus	DanioRerio	GasterosteusAculeatus	HarpadonNehereus	HippocampusComes	LepisosteusOculatus	LiparisTanakae	PseudoliparisSwirei	SauridaUndosquamis	TakifuguRubripes
(null)	OG0000000	1	1	254	0	0	1	3	0	0	0	0
(null)	OG0000001	17	26	56	10	7	6	34	40	8	11	23
(null)	OG0000002	34	8	5	24	25	2	4	0	0	96	10
(null)	OG0000003	51	1	21	43	9	1	16	36	1	20	4
(null)	OG0000004	2	0	2	4	1	114	1	62	1	1	0
(null)	OG0000005	16	89	30	7	12	8	9	4	1	10	1
(null)	OG0000006	3	30	21	13	31	10	12	13	11	28	9
(null)	OG0000007	30	30	6	6	28	1	1	18	2	44	15
(null)	OG0000008	3	32	30	24	6	9	32	7	4	1	32
(null)	OG0000009	0	0	169	0	0	0	0	0	0	0	0
(null)	OG0000010	0	0	0	162	0	0	0	0	0	0	0
(null)	OG0000011	26	17	31	18	14	6	2	9	14	15	8
(null)	OG0000012	5	13	42	0	11	3	9	0	1	32	39
(null)	OG0000013	24	12	12	15	25	12	7	13	13	10	12
(null)	OG0000014	5	22	23	9	6	6	26	7	4	8	32
(null)	OG0000015	33	25	14	9	12	27	5	0	2	21	0
(null)	OG0000016	0	20	31	15	14	6	0	21	15	15	8
(null)	OG0000017	28	4	2	4	11	0	3	27	45	11	6
(null)	OG0000018	0	30	33	21	12	9	2	8	7	10	9
(null)	OG0000019	0	29	25	22	10	8	1	11	16	9	10
(null)	OG0000020	0	0	137	0	0	0	0	0	0	0	0
(null)	OG0000021	0	37	1	1	23	0	1	2	7	32	31
(null)	OG0000022	27	29	13	6	5	0	27	4	6	9	8
(null)	OG0000023	28	22	20	13	8	7	1	4	8	8	13
(null)	OG0000024	1	7	30	21	13	6	4	10	19	10	6
(null)	OG0000025	0	0	124	0	0	2	1	0	0	0	0
(null)	OG0000026	2	14	3	83	4	0	2	1	1	10	4
(null)	OG0000027	0	3	120	0	0	0	0	0	0	0	0
(null)	OG0000028	7	18	2	18	4	24	5	1	4	26	11
(null)	OG0000029	0	0	0	0	113	0	0	0	1	6	0
(null)	OG0000030	0	22	14	15	0	2	44	0	0	0	22
(null)	OG0000031	13	10	10	10	12	9	12	9	8	16	6
(null)	OG0000032	0	0	0	0	1	0	0	0	0	113	0
(null)	OG0000033	5	9	14	0	21	0	5	0	0	18	39
(null)	OG0000034	6	14	1	2	6	0	1	1	6	13	59
(null)	OG0000035	16	4	2	0	7	0	2	1	0	76	1
(null)	OG0000036	31	15	9	4	5	1	3	11	4	21	3
(null)	OG0000037	0	0	0	0	0	0	0	0	0	0	107
(null)	OG0000038	17	8	9	2	20	4	6	7	1	24	8
(null)	OG0000039	5	16	11	9	10	7	15	4	5	14	9
(null)	OG0000040	0	31	34	1	7	1	8	2	3	11	6
(null)	OG0000041	3	20	7	7	5	7	25	6	5	9	5
(null)	OG0000042	3	42	6	1	5	3	21	3	1	10	3
(null)	OG0000043	0	0	98	0	0	0	0	0	0	0	0
(null)	OG0000044	7	11	13	9	9	10	7	1	10	8	12
(null)	OG0000045	10	9	3	5	19	1	2	4	7	28	7
(null)	OG0000046	3	1	3	12	5	2	16	5	3	5	40
(null)	OG0000047	3	10	7	14	6	5	8	10	16	5	8
(null)	OG0000048	0	0	0	0	91	0	0	0	0	0	0
(null)	OG0000049	18	6	9	8	10	2	7	7	7	9	5
(null)	OG0000050	83	0	0	0	1	0	0	0	0	2	1
(null)	OG0000051	0	0	0	86	0	0	0	0	0	1	0
(null)	OG0000052	3	1	3	12	4	1	2	1	0	23	36
(null)	OG0000053	3	0	0	2	1	1	1	3	70	2	1
(null)	OG0000054	0	9	66	0	0	0	9	0	0	0	0
(null)	OG0000055	1	0	65	2	1	3	1	1	1	1	4
(null)	OG0000056	20	12	19	4	4	0	1	4	5	2	9
(null)	OG0000057	0	0	1	0	0	0	79	0	0	0	0
(null)	OG0000058	7	7	10	5	9	4	6	9	5	12	5
(null)	OG0000059	6	7	9	5	8	10	5	6	5	9	9
(null)	OG0000060	8	8	6	7	8	8	4	8	5	8	7
(null)	OG0000061	4	5	8	8	9	7	2	4	12	9	8
(null)	OG0000062	5	5	0	0	14	0	1	7	9	33	1
(null)	OG0000063	8	3	0	5	9	7	2	12	8	15	5
(null)	OG0000064	36	5	1	5	3	2	2	12	2	4	2
(null)	OG0000065	1	30	8	0	0	0	4	0	0	3	28
(null)	OG0000066	0	8	48	4	2	0	6	1	1	2	2
(null)	OG0000067	4	7	6	8	12	7	4	5	4	12	4
(null)	OG0000068	0	0	0	0	1	0	0	0	0	72	0
(null)	OG0000069	61	0	2	1	1	0	0	0	2	5	0
(null)	OG0000070	8	21	18	0	7	0	1	1	0	12	4
(null)	OG0000071	8	4	7	6	7	7	4	8	6	9	6
(null)	OG0000072	17	4	1	3	2	0	3	31	6	4	1
(null)	OG0000073	1	17	5	8	7	3	2	3	8	16	2
(null)	OG0000074	4	16	8	0	15	0	2	0	0	23	3
(null)	OG0000075	16	5	2	7	9	5	4	1	3	7	11
(null)	OG0000076	5	8	6	7	6	8	4	6	7	6	6
(null)	OG0000077	10	23	3	4	8	2	0	3	4	2	10
(null)	OG0000078	11	9	2	4	6	7	4	10	4	4	8
(null)	OG0000079	13	0	1	8	4	0	1	5	1	30	5
(null)	OG0000080	6	5	6	7	7	6	4	7	7	8	5
(null)	OG0000081	8	13	6	6	8	5	4	6	5	3	4
(null)	OG0000082	7	5	6	7	7	5	5	6	6	8	6
(null)	OG0000083	0	9	3	0	16	0	1	4	8	27	0
(null)	OG0000084	6	6	7	7	7	6	4	7	5	6	6
(null)	OG0000085	7	4	6	6	9	6	4	6	7	6	5
(null)	OG0000086	5	2	10	5	11	4	8	7	3	8	3
(null)	OG0000087	7	6	8	6	7	4	5	7	6	6	4
(null)	OG0000088	5	6	6	6	7	6	3	5	9	7	5
(null)	OG0000089	5	7	7	5	6	6	4	5	6	7	7
(null)	OG0000090	1	6	1	2	43	1	0	1	0	9	1
(null)	OG0000091	0	65	0	0	0	0	0	0	0	0	0
(null)	OG0000092	0	0	0	0	4	0	0	0	0	61	0
(null)	OG0000093	6	6	5	6	7	5	4	6	5	9	5
(null)	OG0000094	5	6	5	7	7	6	4	7	5	7	5
(null)	OG0000095	21	5	2	2	6	7	1	5	7	5	3
(null)	OG0000096	0	0	0	0	2	0	0	0	1	61	0
(null)	OG0000097	11	4	5	4	8	4	3	9	4	7	4
(null)	OG0000098	9	11	6	5	1	5	2	5	6	1	12
(null)	OG0000099	5	6	7	6	4	7	6	5	7	4	6
(null)	OG0000100	2	10	20	2	6	9	6	0	0	4	4
(null)	OG0000101	0	0	0	0	63	0	0	0	0	0	0
(null)	OG0000102	2	3	24	6	3	1	11	1	2	5	4
(null)	OG0000103	4	8	4	4	12	4	3	1	1	16	5
(null)	OG0000104	8	15	4	6	8	2	1	2	1	6	9
(null)	OG0000105	5	6	6	7	6	5	3	6	2	8	8
(null)	OG0000106	6	6	6	6	6	6	4	5	6	6	5
(null)	OG0000107	6	1	3	5	2	6	1	1	29	6	2
(null)	OG0000108	1	10	12	8	4	0	9	2	4	10	2
(null)	OG0000109	5	4	6	6	7	6	4	6	8	6	3
(null)	OG0000110	10	5	4	7	7	5	1	8	5	6	3
(null)	OG0000111	10	9	19	5	2	0	7	1	1	2	5
(null)	OG0000112	6	2	3	2	37	3	2	0	1	2	3
(null)	OG0000113	0	0	0	0	61	0	0	0	0	0	0
(null)	OG0000114	5	5	6	6	6	6	4	6	5	6	5
(null)	OG0000115	6	6	6	7	5	4	3	5	5	5	7
(null)	OG0000116	12	2	1	0	11	1	8	0	1	18	5
(null)	OG0000117	0	0	0	0	58	0	0	0	0	1	0
(null)	OG0000118	4	5	5	6	9	5	4	4	4	7	5
(null)	OG0000119	1	43	1	1	0	1	8	1	1	1	0
(null)	OG0000120	0	2	0	26	0	7	0	11	9	0	3
(null)	OG0000121	6	5	3	5	7	5	3	8	4	6	5
(null)	OG0000122	9	0	0	4	8	0	0	1	2	30	3
(null)	OG0000123	1	8	0	0	25	0	1	0	0	14	8
(null)	OG0000124	3	3	14	6	4	0	0	0	0	27	0
(null)	OG0000125	5	6	6	5	5	5	4	7	4	5	4
(null)	OG0000126	12	16	4	1	1	6	2	4	3	1	6
(null)	OG0000127	6	6	7	4	5	5	4	2	6	6	5
(null)	OG0000128	37	0	6	5	1	0	0	0	0	6	0
(null)	OG0000129	13	4	9	5	4	0	5	3	6	4	2
(null)	OG0000130	3	4	8	4	3	3	2	10	13	3	2
(null)	OG0000131	7	10	1	1	9	0	1	1	1	24	0
(null)	OG0000132	0	0	55	0	0	0	0	0	0	0	0
(null)	OG0000133	0	0	55	0	0	0	0	0	0	0	0
(null)	OG0000134	0	0	0	0	51	0	0	0	1	3	0
(null)	OG0000135	5	4	4	5	6	6	3	5	6	5	5
(null)	OG0000136	5	6	5	6	5	5	3	3	4	6	6
(null)	OG0000137	4	6	6	5	5	5	3	5	4	7	4
(null)	OG0000138	0	36	0	1	10	0	0	2	1	4	0
(null)	OG0000139	0	6	8	6	1	11	1	12	0	0	9
(null)	OG0000140	0	0	0	0	54	0	0	0	0	0	0
(null)	OG0000141	12	6	3	1	6	3	1	1	0	20	0
(null)	OG0000142	37	2	1	0	5	0	0	0	1	7	0
(null)	OG0000143	7	5	6	5	5	6	2	6	5	4	2
(null)	OG0000144	4	4	6	4	5	5	4	6	5	5	5
(null)	OG0000145	5	5	4	5	5	5	3	5	5	5	6
(null)	OG0000146	2	5	4	5	6	6	3	5	5	6	6
(null)	OG0000147	4	6	6	6	3	6	2	3	6	6	5
(null)	OG0000148	6	5	6	4	6	3	2	5	4	7	5
(null)	OG0000149	0	12	8	1	5	0	9	3	1	6	8
(null)	OG0000150	0	0	0	0	51	0	0	0	0	2	0
(null)	OG0000151	34	3	0	0	2	4	5	1	0	3	0
(null)	OG0000152	4	5	4	5	5	5	3	4	5	6	6
(null)	OG0000153	5	5	6	5	5	5	3	5	4	5	4
(null)	OG0000154	5	5	5	5	5	5	3	3	6	5	5
(null)	OG0000155	4	6	4	5	6	5	3	4	5	5	5
(null)	OG0000156	1	32	8	1	2	2	3	1	0	2	0
(null)	OG0000157	4	4	4	7	4	6	3	4	6	5	5
(null)	OG0000158	5	6	5	6	7	2	3	7	5	6	0
(null)	OG0000159	39	0	0	1	0	2	0	3	2	0	4
(null)	OG0000160	18	2	1	1	7	8	0	4	3	7	0
(null)	OG0000161	6	9	13	3	3	5	2	3	3	3	1
(null)	OG0000162	2	15	0	5	5	1	2	0	0	13	8
(null)	OG0000163	9	4	11	2	3	1	5	3	4	7	2
(null)	OG0000164	4	3	6	6	5	5	4	4	5	6	3
(null)	OG0000165	5	5	4	4	6	6	4	6	2	4	5
(null)	OG0000166	4	5	5	5	6	4	4	3	3	9	3
(null)	OG0000167	4	5	5	5	5	4	3	5	4	6	5
(null)	OG0000168	5	7	5	4	4	4	3	6	3	5	5
(null)	OG0000169	4	3	5	9	0	0	0	15	14	1	0
(null)	OG0000170	8	6	6	7	2	1	2	4	1	9	4
(null)	OG0000171	3	9	14	2	5	0	5	3	3	5	1
(null)	OG0000172	6	4	9	4	5	5	3	3	3	4	4
(null)	OG0000173	5	6	5	5	4	6	3	4	5	3	4
(null)	OG0000174	32	0	5	0	3	0	0	2	7	1	0
(null)	OG0000175	7	4	4	2	7	4	5	4	5	6	2
(null)	OG0000176	5	9	6	2	3	2	1	3	3	5	11
(null)	OG0000177	6	3	4	6	5	5	2	4	6	5	4
(null)	OG0000178	4	12	1	17	0	0	16	0	0	0	0
(null)	OG0000179	8	5	11	5	4	5	0	4	1	4	3
(null)	OG0000180	0	5	8	6	5	1	4	6	6	8	1
(null)	OG0000181	0	0	50	0	0	0	0	0	0	0	0
(null)	OG0000182	0	0	0	0	49	0	0	0	0	1	0
(null)	OG0000183	19	4	2	6	4	2	2	4	4	2	0
(null)	OG0000184	5	4	5	4	5	5	3	4	4	5	5
(null)	OG0000185	13	1	20	0	4	3	0	1	2	5	0
(null)	OG0000186	5	5	4	4	5	5	3	4	4	4	5
(null)	OG0000187	2	5	3	5	5	4	4	5	6	5	4
(null)	OG0000188	16	0	0	0	6	0	0	3	8	14	1
(null)	OG0000189	5	5	6	5	5	4	3	5	3	4	3
(null)	OG0000190	10	0	1	7	12	2	1	0	11	4	0
(null)	OG0000191	4	7	6	2	8	3	4	1	2	7	4
(null)	OG0000192	5	5	5	3	6	4	3	4	3	6	4
(null)	OG0000193	5	4	3	5	4	6	1	5	6	5	4
(null)	OG0000194	6	5	5	4	5	4	4	3	5	4	3
(null)	OG0000195	0	1	1	0	2	0	0	1	17	26	0
(null)	OG0000196	5	5	5	3	5	4	2	3	5	5	5
(null)	OG0000197	5	5	5	5	4	4	3	4	4	3	5
